entradas_vendidas
1517.0
3206.0
2801.0
2202.0
27.0
617.0
66.0
3046.0
24.0
808.0
3019.0
20.0
1372.0
22.0
2811.0
20.0
1631.0
20.0
2508.0
1897.0
1585.0
29.0
36.0
41.0
20.0
1481.0
2308.0
2368.0
2012.0
28.0
63.0
3301.0
31.0
2392.0
367.0
949.0
1800.0
20.0
100.0
3001.0
26.0
2411.0
2631.0
2164.0
23.0
21.0
1072.0
61.0
196.0
966.0
20.0
1947.0
1523.0
94.0
872.0
20.0
20.0
20.0
2415.0
1430.0
1812.0
20.0
912.0
3024.0
97.0
2469.0
20.0
3106.0
20.0
1631.0
20.0
1632.0
1196.0
1303.0
1811.0
20.0
20.0
1077.0
761.0
59.0
1499.0
2255.0
32.0
2208.0
1034.0
977.0
22.0
24.0
1672.0
48.0
1101.0
2414.0
2523.0
26.0
84.0
2611.0
1043.0
20.0
175.0
